INSERT INTO `dede_arccache` VALUES('77b5395b45876f0f78b70f39974cc13c','1748426069','31,39,42,52,57,30,35,27,43,50');
INSERT INTO `dede_arccache` VALUES('3baab489e90a088be525da7d9b9e0858','1749608821','33,45,37,53,43,39,69,68,28,50');
INSERT INTO `dede_arccache` VALUES('14410a7427bb9dbfb44bdc7ceafd1734','1750047328','41,54,50,69,73,27,44,67,45,40');
INSERT INTO `dede_arccache` VALUES('ed19114e20029b4d11ec7304d39457c2','1749182739','35,50,70,51,39,71,67,31,54,52,64,45,29,27,56,53,44,42,41,30,48,28,73,68,46,72,33,47,32,49,57,69,37,55,43,40');
INSERT INTO `dede_arccache` VALUES('3677123776855ea06502d96fd7b6e0d8','1749182759','40,44,56,33,73,43,41,32,47,69,68,52,48,37,31,57,54,53,42,70,29,46,39,71,51,55,64,67,49,27,30,72,35,45,28,50');
INSERT INTO `dede_arccache` VALUES('3f858c36f8a02ccf93ac567c17302c01','1749182771','32,42,35,37,31,72,40,30,55,29,50,46,51,69,49,41,57,48,53,43,52,27,67,28,70,56,73,54,45,39,44,47,68,33,71,64');
INSERT INTO `dede_arccache` VALUES('5cce3f3cac42cfebd9db4ac37769bf07','1749182909','53,50,32,72,27,64,28,69,56,71,35,45,46,70,41,44,40,29,68,31,30,47,42,73,33,55,49,54,52,43,39,37,48,67,57,51');
INSERT INTO `dede_arccache` VALUES('da7e0c1822fe19cc644f755127621190','1749182959','30,37,28,42,67,33,35,55,70,50,53,32,39,73,31,27,48,44,29,49,40,43,72,64,45,56,57,51,46,41,69,54,71,52,68,47');
INSERT INTO `dede_arccache` VALUES('40cd809600bfb801bddae1c1c62d7bf7','1749183018','54,37,70,30,27,56,40,48,53,39,51,33,71,35,68,29,46,44,72,52,45,49,50,67,32,55,69,43,41,47,28,64,57,73,42,31');
INSERT INTO `dede_arccache` VALUES('5ab8a15ee9e930d5169376857ad3aeb9','1749183031','43,49,52,28,47,73,41,71,64,35,56,40,55,29,67,72,32,48,46,33,42,44,53,54,57,51,37,70,45,68,27,69,39,31,30,50');
INSERT INTO `dede_arccache` VALUES('d9dcf80fca8b88926287143fb537f755','1749183038','28,50,30,69,32,51,41,68,27,37,48,33,67,64,43,45,49,47,42,73,31,55,57,40,54,29,44,72,39,56,70,71,53,52,46,35');
